Branch,item,Description
OREGON,054491,HEUCHERA AUTUMN LEAVES PPAF
OREGON,403231,HEUCHERA BERRY SMOOTHIE P21871
OREGON,086871,HEUCHERA CARNIVAL COCOMINT PAF
OREGON,097091,HEUCHERA CARNIVAL LIMEADE PPAF
OREGON,097161,HEUCHERA CARNIVAL PCH PRFT PAF
OREGON,097171,HEUCHERA CARNIVAL RSE GRNT PAF
OREGON,087131,HEUCHERA CARNIVAL WATRMELN PAF
OREGON,036711,HEUCHERA CAROLINE PP20026
OREGON,403241,HEUCHERA CHERRY COLA P22967
OREGON,054911,HEUCHERA FIRE CHIEF PP21880
OREGON,023101,HEUCHERA FROSTED VIOLET P15085
OREGON,047531,HEUCHERA GEORGIA PEACH PP19375
OREGON,018661,HEUCHERA GREEN SPICE
OREGON,028871,HEUCHERA MARMALADE PP15945
OREGON,045721,HEUCHERA MIDNIGHT ROSE PP18551
OREGON,040451,HEUCHERA PALACE PURPLE
OREGON,047541,HEUCHERA PEACH FLAMBEE PP17195
OREGON,040721,HEUCHERA PLUM PUDDING
OREGON,046641,HEUCHERA VIL CARAMEL PP16560
OREGON,054481,HEUCHERELLA GOLD ZEBRA PPAF
OREGON,076241,HEUCHERELLA REDSTN FLLS P22394
OREGON,407761,HEUCHERELLA SOLAR ECLIPSE
OREGON,033531,HEUCHERELLA STOPLIGHT PP16835
OREGON,041171,HEUCHERELLA SWEET TEA PPAF
OREGON,031871,HOSTA ABIQUA DRINKING GOURD
OREGON,031872,HOSTA ABIQUA DRINKING GOURD
OREGON,036981,HOSTA APHRODITE
OREGON,006872,HOSTA BLUE ANGEL
OREGON,006875,HOSTA BLUE ANGEL
OREGON,016761,HOSTA CHERRY BERRY
OREGON,016762,HOSTA CHERRY BERRY
OREGON,093061,HOSTA ENTERPRISE
OREGON,093062,HOSTA ENTERPRISE
OREGON,041471,HOSTA EOLA SAPPHIRE
OREGON,041472,HOSTA EOLA SAPPHIRE
OREGON,075111,HOSTA FANTASY ISLAND
OREGON,075112,HOSTA FANTASY ISLAND
OREGON,017491,HOSTA FIRE & ICE
OREGON,042981,HOSTA FIRST FROST
OREGON,041862,HOSTA FLUCTUANS VARIEG (SAGAE)
OREGON,041865,HOSTA FLUCTUANS VARIEG (SAGAE)
OREGON,041691,HOSTA FRANCEE
OREGON,041695,HOSTA FRANCEE
OREGON,052632,HOSTA FROSTY RIBBONS TM PPAF
OREGON,041531,HOSTA GINKO CRAIG
OREGON,041532,HOSTA GINKO CRAIG
OREGON,019911,HOSTA GREAT EXPECTATIONS
OREGON,019912,HOSTA GREAT EXPECTATIONS
OREGON,017522,HOSTA GUACAMOLE
OREGON,017525,HOSTA GUACAMOLE
OREGON,031891,HOSTA HADSPEN BLUE
OREGON,017531,HOSTA JUNE
OREGON,041821,HOSTA KROSSA REGAL
OREGON,041822,HOSTA KROSSA REGAL
OREGON,041825,HOSTA KROSSA REGAL
OREGON,006981,HOSTA MINUTEMAN
OREGON,006982,HOSTA MINUTEMAN
OREGON,028391,HOSTA OLIVE BAILEY LANGDON
OREGON,028392,HOSTA OLIVE BAILEY LANGDON
OREGON,028395,HOSTA OLIVE BAILEY LANGDON
OREGON,041881,HOSTA PATRIOT
OREGON,041882,HOSTA PATRIOT
OREGON,007011,HOSTA REGAL SPLENDOR
OREGON,007012,HOSTA REGAL SPLENDOR
OREGON,007015,HOSTA REGAL SPLENDOR
OREGON,039472,HOSTA ROSEDALE GOLDEN GOOSE
OREGON,039475,HOSTA ROSEDALE GOLDEN GOOSE
OREGON,083971,HOSTA SUM & SUBSTANCE
OREGON,083972,HOSTA SUM & SUBSTANCE
OREGON,083975,HOSTA SUM & SUBSTANCE
OREGON,075161,HOSTA THE RAZOR'S EDGE
OREGON,075162,HOSTA THE RAZOR'S EDGE
OREGON,016301,HOSTA TOKUDAMA FLAVOCIRCINALIS
OREGON,016302,HOSTA TOKUDAMA FLAVOCIRCINALIS
OREGON,016305,HOSTA TOKUDAMA FLAVOCIRCINALIS
OREGON,041851,HOSTA WIDE BRIM
OREGON,041852,HOSTA WIDE BRIM
OREGON,082012,HOSTA X LIBERTY
,,
,,
,,
,,
,,
,,
,,
,,
,,
,,
,,
,,
,,
,,
,,
,,
,,
,,
,,
,,
,,
,,
,,
,,
,,
,,
,,
,,
,,
,,
,,
,,
,,
,,
,,
,,
,,
,,
,,
,,
,,
,,
,,
,,
,,
,,
,,
,,
,,
,,
,,
,,
,,
,,
,,
,,
,,
,,
,,
,,
,,
,,
,,
,,
,,
,,
,,
,,
,,
,,
,,
,,
,,
,,
,,
,,
,,
,,
,,
,,
,,
,,
,,
,,
,,
,,
,,
,,
,,
,,
,,
,,
,,
,,
,,
,,
,,
,,
,,
,,
,,
,,
,,
,,
,,
,,
,,
,,
,,
,,
,,
,,
,,
,,
,,
,,
,,
,,
,,
,,
,,
,,
,,
,,
,,
,,
,,
,,
,,
,,
,,
,,
,,
,,
,,
,,
,,
,,
,,
,,
,,
,,
,,
,,
,,
,,
,,
,,
,,
,,
,,
,,
,,
,,
,,
,,
,,
,,
,,
,,
,,
,,
,,
,,
,,
,,
,,
,,
,,
,,
,,
,,
,,
,,
,,
,,
,,
,,
,,
,,
,,
,,
,,
,,
,,
,,
,,
,,
,,
,,
,,
,,
,,
,,
,,
,,
,,
,,
,,
,,
,,
,,
,,
,,
,,
,,
,,
,,
,,
,,
,,
,,
,,
,,
,,
,,
,,
,,
,,
,,
,,
,,
,,
,,
,,
,,
,,
,,
,,
,,
,,
,,
,,
,,
,,
,,
,,
,,
,,
,,
,,
,,
,,
,,
,,
,,
,,
,,
,,
,,
,,
,,
,,
,,
,,
,,
,,
,,
,,
,,
,,
,,
,,
,,
,,
,,
,,
,,
,,
,,
,,
,,
,,
,,
,,
,,
,,
,,
,,
,,
,,
,,
,,
,,
,,
,,
,,
,,
,,
,,
,,
,,
,,
,,
,,
,,
,,
,,
,,
,,
,,
,,
,,
,,
,,
,,
,,
,,
,,
,,
,,
,,
,,
,,
,,
,,
,,
,,
,,
,,
,,
,,
,,
,,
,,
,,
,,
,,
,,
,,
,,
,,
,,
,,
,,
,,
,,
,,
,,
,,
,,
,,
,,
,,
,,
,,
,,
,,
,,
,,
,,
,,
,,
,,
,,
,,
,,
,,
,,
,,
,,
,,
,,
,,
,,
,,
,,
,,
,,
,,
,,
,,
,,
,,
,,
,,
,,
,,
,,
,,
,,
,,
,,
,,
,,
,,
,,
,,
,,
,,
,,
,,
,,
,,
,,
,,
,,
,,
,,
,,
,,
,,
,,
,,
,,
,,
,,
,,
,,
,,
,,
,,
,,
,,
,,
,,
,,
,,
,,
,,
,,
,,
,,
,,
,,
,,
,,
,,
,,
,,
,,
,,
,,
,,
,,
,,
,,
,,
,,
,,
,,
,,
,,
,,
,,
,,
,,
,,
,,
,,
,,
,,
,,
,,
,,
,,
,,
,,
,,
,,
,,
,,
,,
,,
,,
,,
,,
,,
,,
,,
,,
,,
,,
,,
,,
,,
,,
,,
,,
,,
,,
,,
,,
,,
,,
,,
,,
,,
,,
,,
,,
,,
,,
,,
,,
,,
,,
,,
,,
,,
,,
,,
,,
,,
,,
,,
,,
,,
,,
,,
,,
,,
,,
,,
,,
,,
,,
,,
,,
,,
,,
,,
,,
,,
,,
,,
,,
,,
,,
,,
,,
,,
,,
,,
,,
,,
,,
,,
,,
,,
,,
,,
,,
,,
,,
,,
,,
,,
,,
,,
,,
,,
,,
,,
,,
,,
,,
,,
,,
,,
,,
,,
,,
,,
,,
,,
,,
,,
,,
,,
,,
,,
,,
,,
,,
,,
,,
,,
,,
,,
,,
,,
,,
,,
,,
,,
,,
,,
,,
,,
,,
,,
,,
,,
,,
,,
,,
,,
,,
,,
,,
,,
,,
,,
,,
,,
,,
,,
,,
,,
,,
,,
,,
,,
,,
,,
,,
,,
,,
,,
,,
,,
,,
,,
,,
,,
,,
,,
,,
,,
,,
"? 2007,2009 Monrovia Nursery Company. This information may represent Trade Secret information and may not be distributed without permission.",,
